1 1 0 0 0 0 0 0 0 0 0 0 0 0 0 
1 1 0 0 0 0 0 0 0 0 0 0 0 0 0 
0 0 0 0 0 0 0 0 0 0 0 0 0 0 0 
0 0 0 0 0 0 0 0 0 0 0 0 0 0 0 
0 0 0 0 0 0 0 0 0 0 0 0 0 0 0 
0 0 0 0 0 77 101 0 0 0 0 0 0 0 0 
0 0 0 0 255 71 11 255 0 0 0 0 0 0 0 
0 0 0 255 46 0 0 0 255 0 0 0 0 0 0 
0 0 0 255 255 255 255 255 255 0 0 0 0 0 0 
0 0 0 255 0 0 0 0 0 0 0 0 0 0 0 
0 0 0 160 178 0 0 0 255 0 0 0 0 0 0 
0 0 0 0 255 250 232 255 2 0 0 0 0 0 0 
0 0 0 0 1 0 0 0 0 0 0 0 2 0 0 
0 0 0 0 0 0 0 0 0 1 0 0 0 0 0 
0 0 0 0 0 0 0 0 2 0 0 0 0 0 0 
1 1 0 0 0 0 0 0 0 0 0 0 0 0 0 
1 1 0 0 0 0 0 0 0 0 0 0 0 0 0 
0 0 255 0 0 0 255 255 0 0 0 212 249 0 0 
0 0 255 0 0 0 255 255 0 0 0 255 16 0 0 
0 0 255 0 0 0 255 173 106 0 0 255 0 0 0 
0 0 114 249 0 85 217 0 255 0 13 255 0 0 0 
0 0 0 255 0 255 0 0 255 0 247 134 0 0 0 
0 0 0 255 0 255 0 0 255 0 255 0 0 0 0 
0 0 0 255 27 255 0 0 190 98 255 0 0 0 0 
0 0 0 14 190 171 0 0 0 237 244 0 0 0 0 
0 0 0 0 255 0 0 0 0 255 0 0 0 0 0 
0 0 0 0 0 0 0 0 0 0 0 0 0 0 0 
0 0 0 0 1 0 0 0 0 0 0 0 2 0 0 
0 0 0 0 0 0 0 0 0 1 0 0 0 0 0 
0 0 0 0 0 0 0 0 2 0 0 0 0 0 0 
1 1 0 0 0 0 0 0 0 0 0 0 0 0 0 
1 1 0 0 0 0 0 0 0 0 0 0 0 0 0 
0 0 0 0 0 0 0 0 0 0 0 0 0 0 0 
0 0 0 255 0 0 0 0 0 0 0 0 0 0 0 
0 0 0 255 0 0 0 0 0 0 0 0 0 0 0 
0 0 0 255 0 0 0 0 0 0 0 0 0 0 0 
0 0 0 255 0 0 0 0 0 0 0 0 0 0 0 
0 0 0 255 0 0 0 0 0 0 0 0 0 0 0 
0 0 0 255 0 0 0 0 0 0 0 0 0 0 0 
0 0 0 255 0 0 0 0 0 0 0 0 0 0 0 
0 0 0 255 0 0 0 0 0 0 0 0 0 0 0 
0 0 0 255 0 0 0 0 0 0 0 0 0 0 0 
0 0 0 79 1 0 0 0 0 0 0 0 2 0 0 
0 0 0 0 0 0 0 0 0 1 0 0 0 0 0 
0 0 0 0 0 0 0 0 2 0 0 0 0 0 0 
1 1 0 0 0 0 0 0 0 0 0 0 0 0 0 
1 1 0 0 0 0 0 0 0 0 0 0 0 0 0 
0 0 0 0 0 0 0 0 0 0 0 0 0 0 0 
0 0 0 0 0 0 0 0 255 0 0 0 0 0 0 
0 0 0 0 0 0 0 0 255 0 0 0 0 0 0 
0 0 0 0 0 93 86 0 255 0 0 0 0 0 0 
0 0 0 0 255 156 76 255 255 0 0 0 0 0 0 
0 0 0 255 128 0 0 0 255 0 0 0 0 0 0 
0 0 0 255 0 0 0 0 255 0 0 0 0 0 0 
0 0 0 255 1 0 0 0 255 0 0 0 0 0 0 
0 0 0 182 236 0 0 1 255 0 0 0 0 0 0 
0 0 0 0 255 252 245 255 255 0 0 0 0 0 0 
0 0 0 0 1 0 0 0 0 0 0 0 2 0 0 
0 0 0 0 0 0 0 0 0 1 0 0 0 0 0 
0 0 0 0 0 0 0 0 2 0 0 0 0 0 0 
1 1 0 0 0 0 0 0 0 0 0 0 0 0 0 
1 1 0 0 0 0 0 0 0 0 0 0 0 0 0 
0 0 0 0 0 0 0 0 0 0 0 0 0 0 0 
0 0 0 0 0 0 0 0 0 0 0 0 0 0 0 
0 0 0 0 0 0 0 0 0 0 0 0 0 0 0 
0 0 0 0 0 0 0 0 0 0 0 0 0 0 0 
0 0 0 255 255 255 255 0 0 0 0 0 0 0 0 
0 0 255 143 0 0 143 255 0 0 0 0 0 0 0 
0 0 255 0 0 0 0 255 0 0 0 0 0 0 0 
0 0 255 0 0 0 0 255 0 0 0 0 0 0 0 
0 0 255 0 0 0 9 255 0 0 0 0 0 0 0 
0 0 10 255 0 0 255 0 0 0 0 0 0 0 0 
0 0 0 0 200 202 0 0 0 0 0 0 2 0 0 
0 0 0 0 0 0 0 0 0 1 0 0 0 0 0 
0 0 0 0 0 0 0 0 2 0 0 0 0 0 0 
1 1 0 0 0 0 0 0 0 0 0 0 0 0 0 
1 1 0 0 0 0 0 0 0 0 0 0 0 0 0 
0 0 0 0 0 0 0 0 0 0 0 0 0 0 0 
0 0 0 0 0 0 0 0 0 0 0 0 0 0 0 
0 0 0 19 199 28 0 0 0 0 0 0 0 0 0 
0 0 254 220 0 212 254 0 0 0 0 0 0 0 0 
0 0 255 0 0 0 48 0 0 0 0 0 0 0 0 
0 0 40 255 255 210 0 0 0 0 0 0 0 0 0 
0 0 0 0 0 86 255 0 0 0 0 0 0 0 0 
0 0 255 0 0 0 255 0 0 0 0 0 0 0 0 
0 0 187 255 255 255 250 0 0 0 0 0 0 0 0 
0 0 0 0 0 0 0 0 0 0 0 0 0 0 0 
0 0 0 0 1 0 0 0 0 0 0 0 2 0 0 
0 0 0 0 0 0 0 0 0 1 0 0 0 0 0 
0 0 0 0 0 0 0 0 2 0 0 0 0 0 0 
1 1 0 0 0 0 0 0 0 0 0 0 0 0 0 
1 1 0 0 0 0 0 0 0 0 0 0 0 0 0 
0 0 0 255 255 255 255 58 0 0 0 0 0 0 0 
0 0 250 242 0 0 0 255 0 0 0 0 0 0 0 
0 0 255 0 0 0 0 28 0 0 0 0 0 0 0 
0 0 119 255 11 0 0 0 0 0 0 0 0 0 0 
0 0 0 29 255 255 255 123 0 0 0 0 0 0 0 
0 0 0 0 0 0 0 255 88 0 0 0 0 0 0 
0 0 251 0 0 0 0 38 255 0 0 0 0 0 0 
0 0 255 126 0 0 0 255 179 0 0 0 0 0 0 
0 0 0 255 255 255 255 255 0 0 0 0 0 0 0 
0 0 0 0 0 0 0 0 0 0 0 0 0 0 0 
0 0 0 0 1 0 0 0 0 0 0 0 2 0 0 
0 0 0 0 0 0 0 0 0 1 0 0 0 0 0 
0 0 0 0 0 0 0 0 2 0 0 0 0 0 0 
1 1 0 0 0 0 0 0 0 0 0 0 0 0 0 
1 1 0 0 0 0 0 0 0 0 0 0 0 0 0 
0 0 0 255 253 0 0 0 0 0 0 0 0 0 0 
0 0 0 0 0 0 0 0 0 0 0 0 0 0 0 
0 0 0 196 10 0 0 0 0 0 0 0 0 0 0 
0 0 0 255 34 0 0 0 0 0 0 0 0 0 0 
0 0 0 255 34 0 0 0 0 0 0 0 0 0 0 
0 0 0 255 34 0 0 0 0 0 0 0 0 0 0 
0 0 0 255 34 0 0 0 0 0 0 0 0 0 0 
0 0 0 255 34 0 0 0 0 0 0 0 0 0 0 
0 0 0 255 34 0 0 0 0 0 0 0 0 0 0 
0 0 0 255 33 0 0 0 0 0 0 0 0 0 0 
0 236 222 255 1 0 0 0 0 0 0 0 2 0 0 
0 0 0 0 0 0 0 0 0 1 0 0 0 0 0 
0 0 0 0 0 0 0 0 2 0 0 0 0 0 0 
1 1 0 0 0 0 0 0 0 0 0 0 0 0 0 
1 1 0 0 0 0 0 0 0 0 0 0 0 0 0 
0 0 0 0 0 0 0 0 0 0 0 0 0 0 0 
0 0 0 0 0 0 0 0 0 0 0 0 0 0 0 
0 0 0 0 0 0 0 0 0 0 0 0 0 0 0 
0 0 255 0 0 255 255 0 0 255 10 0 0 0 0 
0 0 255 0 0 255 255 0 0 255 0 0 0 0 0 
0 0 92 236 0 255 64 93 0 255 0 0 0 0 0 
0 0 0 255 111 106 0 255 198 60 0 0 0 0 0 
0 0 0 255 250 0 0 255 255 0 0 0 0 0 0 
0 0 0 224 255 0 0 255 255 0 0 0 0 0 0 
0 0 0 0 0 0 0 0 0 0 0 0 0 0 0 
0 0 0 0 1 0 0 0 0 0 0 0 2 0 0 
0 0 0 0 0 0 0 0 0 1 0 0 0 0 0 
0 0 0 0 0 0 0 0 2 0 0 0 0 0 0 
1 1 0 0 0 0 0 0 0 0 0 0 0 0 0 
1 1 0 0 0 0 0 0 0 0 0 0 0 0 0 
0 0 0 0 0 0 0 0 0 0 0 0 0 0 0 
0 0 0 0 0 0 0 0 0 0 0 0 0 0 0 
0 0 0 0 0 0 0 0 0 0 0 0 0 0 0 
0 0 144 153 153 99 255 0 0 0 0 0 0 0 0 
0 0 0 0 0 255 0 0 0 0 0 0 0 0 0 
0 0 0 0 255 0 0 0 0 0 0 0 0 0 0 
0 0 0 255 116 0 0 0 0 0 0 0 0 0 0 
0 0 153 250 0 0 0 0 0 0 0 0 0 0 0 
0 0 255 255 255 255 255 0 0 0 0 0 0 0 0 
0 0 0 0 0 0 0 0 0 0 0 0 0 0 0 
0 0 0 0 1 0 0 0 0 0 0 0 2 0 0 
0 0 0 0 0 0 0 0 0 1 0 0 0 0 0 
0 0 0 0 0 0 0 0 2 0 0 0 0 0 0 
1 1 0 0 0 0 0 0 0 0 0 0 0 0 0 
1 1 0 0 0 0 0 0 0 0 0 0 0 0 0 
0 0 0 0 0 0 0 0 0 0 0 0 0 0 0 
0 0 12 255 0 0 0 0 188 45 0 0 0 0 0 
0 0 122 151 206 0 0 0 227 110 0 0 0 0 0 
0 0 122 139 255 0 0 0 227 110 0 0 0 0 0 
0 0 122 211 68 255 0 0 227 110 0 0 0 0 0 
0 0 122 239 0 255 35 0 226 110 0 0 0 0 0 
0 0 122 241 0 0 255 0 219 110 0 0 0 0 0 
0 0 122 241 0 0 226 234 200 110 0 0 0 0 0 
0 0 122 241 0 0 0 255 141 110 0 0 0 0 0 
0 0 122 241 0 0 0 5 254 110 0 0 0 0 0 
0 0 1 3 1 0 0 0 62 0 0 0 2 0 0 
0 0 0 0 0 0 0 0 0 1 0 0 0 0 0 
0 0 0 0 0 0 0 0 2 0 0 0 0 0 0 
1 1 0 0 0 0 0 0 0 0 0 0 0 0 0 
1 1 0 0 0 0 0 0 0 0 0 0 0 0 0 
0 0 0 0 0 0 0 0 0 0 0 0 0 0 0 
0 0 0 0 0 0 0 0 0 0 0 0 0 0 0 
0 0 0 0 0 0 0 0 0 0 0 0 0 0 0 
0 0 255 0 0 0 111 219 0 0 0 0 0 0 0 
0 0 255 0 0 0 111 219 0 0 0 0 0 0 0 
0 0 255 0 0 0 111 219 0 0 0 0 0 0 0 
0 0 255 0 0 0 133 219 0 0 0 0 0 0 0 
0 0 255 31 0 0 255 219 0 0 0 0 0 0 0 
0 0 9 255 255 255 96 219 0 0 0 0 0 0 0 
0 0 0 0 0 0 0 0 0 0 0 0 0 0 0 
0 0 0 0 1 0 0 0 0 0 0 0 2 0 0 
0 0 0 0 0 0 0 0 0 1 0 0 0 0 0 
0 0 0 0 0 0 0 0 2 0 0 0 0 0 0 
1 1 0 0 0 0 0 0 0 0 0 0 0 0 0 
1 1 0 0 0 0 0 0 0 0 0 0 0 0 0 
0 0 0 0 0 0 0 0 0 0 0 0 0 0 0 
0 0 0 237 255 255 226 12 0 0 0 0 0 0 0 
0 0 112 251 33 33 41 255 251 0 0 0 0 0 0 
0 0 122 240 0 0 0 0 255 0 0 0 0 0 0 
0 0 122 240 0 0 0 0 255 0 0 0 0 0 0 
0 0 122 240 0 0 0 255 255 0 0 0 0 0 0 
0 0 122 255 255 255 255 89 0 0 0 0 0 0 0 
0 0 122 240 0 0 0 0 0 0 0 0 0 0 0 
0 0 122 239 0 0 0 0 0 0 0 0 0 0 0 
0 0 122 240 0 0 0 0 0 0 0 0 0 0 0 
0 0 1 2 1 0 0 0 0 0 0 0 2 0 0 
0 0 0 0 0 0 0 0 0 1 0 0 0 0 0 
0 0 0 0 0 0 0 0 2 0 0 0 0 0 0 
1 1 0 0 0 0 0 0 0 0 0 0 0 0 0 
1 1 0 0 0 0 0 0 0 0 0 0 0 0 0 
0 0 0 0 0 0 0 0 0 0 0 0 0 0 0 
0 0 0 0 0 0 0 0 0 0 0 0 0 0 0 
0 0 0 0 0 0 0 0 0 0 0 0 0 0 0 
0 0 0 0 0 0 0 0 0 0 0 0 0 0 0 
0 0 255 19 255 255 248 255 255 255 119 0 0 0 0 
0 0 255 253 0 0 255 10 0 0 255 0 0 0 0 
0 0 255 0 0 0 255 0 0 0 255 0 0 0 0 
0 0 255 0 0 0 255 0 0 0 255 0 0 0 0 
0 0 255 0 0 0 255 0 0 0 255 0 0 0 0 
0 0 255 0 0 0 255 0 0 0 255 0 0 0 0 
0 0 42 0 1 0 79 0 0 0 68 0 2 0 0 
0 0 0 0 0 0 0 0 0 1 0 0 0 0 0 
0 0 0 0 0 0 0 0 2 0 0 0 0 0 0 
1 1 0 0 0 0 0 0 0 0 0 0 0 0 0 
1 1 0 0 0 0 0 0 0 0 0 0 0 0 0 
0 0 0 0 0 0 0 0 0 0 0 0 0 0 0 
0 0 0 0 255 255 255 255 255 5 0 0 0 0 0 
0 0 0 5 255 0 0 0 6 255 0 0 0 0 0 
0 0 0 5 255 0 0 0 0 255 0 0 0 0 0 
0 0 0 5 255 0 0 0 17 255 0 0 0 0 0 
0 0 0 5 255 255 255 255 255 0 0 0 0 0 0 
0 0 0 5 255 0 0 0 0 255 0 0 0 0 0 
0 0 0 5 255 0 0 0 0 250 148 0 0 0 0 
0 0 0 5 255 0 0 0 0 255 6 0 0 0 0 
0 0 0 0 255 255 255 255 255 255 0 0 0 0 0 
0 0 0 0 1 0 0 0 0 0 0 0 2 0 0 
0 0 0 0 0 0 0 0 0 1 0 0 0 0 0 
0 0 0 0 0 0 0 0 2 0 0 0 0 0 0 
1 1 0 0 0 0 0 0 0 0 0 0 0 0 0 
1 1 0 0 0 0 0 0 0 0 0 0 0 0 0 
0 0 254 255 255 255 255 255 255 0 0 0 0 0 0 
0 0 0 0 0 0 0 255 43 0 0 0 0 0 0 
0 0 0 0 0 0 250 255 0 0 0 0 0 0 0 
0 0 0 0 0 105 255 0 0 0 0 0 0 0 0 
0 0 0 0 0 255 0 0 0 0 0 0 0 0 0 
0 0 0 0 255 8 0 0 0 0 0 0 0 0 0 
0 0 0 255 190 0 0 0 0 0 0 0 0 0 0 
0 0 183 255 0 0 0 0 0 0 0 0 0 0 0 
0 0 255 255 255 255 255 255 255 0 0 0 0 0 0 
0 0 0 0 0 0 0 0 0 0 0 0 0 0 0 
0 0 0 0 1 0 0 0 0 0 0 0 2 0 0 
0 0 0 0 0 0 0 0 0 1 0 0 0 0 0 
0 0 0 0 0 0 0 0 2 0 0 0 0 0 0 
1 1 0 0 0 0 0 0 0 0 0 0 0 0 0 
1 1 0 0 0 0 0 0 0 0 0 0 0 0 0 
0 0 0 0 0 0 0 0 0 0 0 0 0 0 0 
0 0 0 0 15 255 255 158 0 0 0 0 0 0 0 
0 0 0 255 255 12 1 249 255 0 0 0 0 0 0 
0 0 50 255 0 0 0 0 209 253 0 0 0 0 0 
0 0 255 30 0 0 0 0 0 255 0 0 0 0 0 
0 0 255 0 0 0 0 0 0 255 0 0 0 0 0 
0 0 255 0 0 0 0 0 0 255 0 0 0 0 0 
0 0 255 83 0 0 0 0 0 255 0 0 0 0 0 
0 0 22 255 0 0 0 0 239 241 0 0 0 0 0 
0 0 0 255 255 73 7 254 255 0 0 0 0 0 0 
0 0 0 0 1 199 236 51 0 0 0 0 2 0 0 
0 0 0 0 0 0 0 0 0 1 0 0 0 0 0 
0 0 0 0 0 0 0 0 2 0 0 0 0 0 0 
1 1 0 0 0 0 0 0 0 0 0 0 0 0 0 
1 1 0 0 0 0 0 0 0 0 0 0 0 0 0 
0 0 0 0 0 0 0 0 0 0 0 0 0 0 0 
0 0 0 0 0 0 255 255 0 0 0 0 0 0 0 
0 0 0 0 0 0 255 255 0 0 0 0 0 0 0 
0 0 0 0 0 151 188 23 251 0 0 0 0 0 0 
0 0 0 0 0 255 0 0 255 0 0 0 0 0 0 
0 0 0 0 0 255 0 0 245 65 0 0 0 0 0 
0 0 0 0 252 204 187 187 187 255 0 0 0 0 0 
0 0 0 0 255 76 76 76 76 255 0 0 0 0 0 
0 0 0 92 254 0 0 0 0 182 222 0 0 0 0 
0 0 0 255 1 0 0 0 0 0 255 0 0 0 0 
0 0 0 0 1 0 0 0 0 0 0 0 2 0 0 
0 0 0 0 0 0 0 0 0 1 0 0 0 0 0 
0 0 0 0 0 0 0 0 2 0 0 0 0 0 0 
1 1 0 0 0 0 0 0 0 0 0 0 0 0 0 
1 1 0 0 0 0 0 0 0 0 0 0 0 0 0 
0 0 12 255 255 255 255 255 0 0 0 0 0 0 0 
0 0 135 238 0 0 0 90 255 0 0 0 0 0 0 
0 0 135 238 0 0 0 0 255 0 0 0 0 0 0 
0 0 135 238 0 0 0 65 255 0 0 0 0 0 0 
0 0 135 255 255 255 255 192 0 0 0 0 0 0 0 
0 0 135 238 0 0 0 255 0 0 0 0 0 0 0 
0 0 135 238 0 0 0 255 151 0 0 0 0 0 0 
0 0 135 238 0 0 0 0 255 0 0 0 0 0 0 
0 0 135 238 0 0 0 0 255 10 0 0 0 0 0 
0 0 0 0 0 0 0 0 0 0 0 0 0 0 0 
0 0 0 0 1 0 0 0 0 0 0 0 2 0 0 
0 0 0 0 0 0 0 0 0 1 0 0 0 0 0 
0 0 0 0 0 0 0 0 2 0 0 0 0 0 0 
1 1 0 0 0 0 0 0 0 0 0 0 0 0 0 
1 1 0 0 0 0 0 0 0 0 0 0 0 0 0 
0 0 0 0 0 0 0 0 0 0 0 0 0 0 0 
0 0 0 0 0 0 0 0 0 0 0 0 0 0 0 
0 0 0 0 0 0 0 0 0 0 0 0 0 0 0 
0 0 0 5 255 137 210 255 0 0 0 0 0 0 0 
0 0 0 181 49 0 0 255 0 0 0 0 0 0 0 
0 0 0 0 250 255 255 255 0 0 0 0 0 0 0 
0 0 0 255 78 0 0 255 0 0 0 0 0 0 0 
0 0 0 255 0 0 3 255 0 0 0 0 0 0 0 
0 0 0 6 255 255 200 255 255 0 0 0 0 0 0 
0 0 0 0 0 0 0 0 0 0 0 0 0 0 0 
0 0 0 0 1 0 0 0 0 0 0 0 2 0 0 
0 0 0 0 0 0 0 0 0 1 0 0 0 0 0 
0 0 0 0 0 0 0 0 2 0 0 0 0 0 0 
1 1 0 0 0 0 0 0 0 0 0 0 0 0 0 
1 1 0 0 0 0 0 0 0 0 0 0 0 0 0 
0 0 255 87 0 0 0 0 255 0 0 0 0 0 0 
0 0 0 255 0 0 0 255 41 0 0 0 0 0 0 
0 0 0 38 255 0 239 255 0 0 0 0 0 0 0 
0 0 0 0 241 235 255 0 0 0 0 0 0 0 0 
0 0 0 0 0 255 138 0 0 0 0 0 0 0 0 
0 0 0 0 255 32 255 0 0 0 0 0 0 0 0 
0 0 0 248 255 0 30 255 0 0 0 0 0 0 0 
0 0 36 255 0 0 0 255 253 0 0 0 0 0 0 
0 0 255 0 0 0 0 0 255 3 0 0 0 0 0 
0 0 0 0 0 0 0 0 0 0 0 0 0 0 0 
0 0 0 0 1 0 0 0 0 0 0 0 2 0 0 
0 0 0 0 0 0 0 0 0 1 0 0 0 0 0 
0 0 0 0 0 0 0 0 2 0 0 0 0 0 0 
1 1 0 0 0 0 0 0 0 0 0 0 0 0 0 
1 1 0 0 0 0 0 0 0 0 0 0 0 0 0 
0 0 255 0 0 0 0 0 255 0 0 0 0 0 0 
0 0 141 255 0 0 0 251 253 0 0 0 0 0 0 
0 0 0 255 55 0 0 255 0 0 0 0 0 0 0 
0 0 0 0 255 0 255 7 0 0 0 0 0 0 0 
0 0 0 0 165 255 249 0 0 0 0 0 0 0 0 
0 0 0 0 0 255 0 0 0 0 0 0 0 0 0 
0 0 0 0 0 255 0 0 0 0 0 0 0 0 0 
0 0 0 0 0 255 0 0 0 0 0 0 0 0 0 
0 0 0 0 0 255 0 0 0 0 0 0 0 0 0 
0 0 0 0 0 0 0 0 0 0 0 0 0 0 0 
0 0 0 0 1 0 0 0 0 0 0 0 2 0 0 
0 0 0 0 0 0 0 0 0 1 0 0 0 0 0 
0 0 0 0 0 0 0 0 2 0 0 0 0 0 0 
1 1 0 0 0 0 0 0 0 0 0 0 0 0 0 
1 1 0 0 0 0 0 0 0 0 0 0 0 0 0 
0 0 0 0 0 0 0 0 0 0 0 0 0 0 0 
0 0 0 0 255 255 255 255 255 0 0 0 0 0 0 
0 0 0 5 255 0 0 0 159 255 0 0 0 0 0 
0 0 0 5 255 0 0 0 0 213 235 0 0 0 0 
0 0 0 5 255 0 0 0 0 0 255 0 0 0 0 
0 0 0 5 255 0 0 0 0 0 255 0 0 0 0 
0 0 0 5 255 0 0 0 0 0 255 0 0 0 0 
0 0 0 5 255 0 0 0 0 156 251 0 0 0 0 
0 0 0 5 255 0 0 0 5 255 0 0 0 0 0 
0 0 0 0 255 255 255 255 255 6 0 0 0 0 0 
0 0 0 0 1 0 0 0 0 0 0 0 2 0 0 
0 0 0 0 0 0 0 0 0 1 0 0 0 0 0 
0 0 0 0 0 0 0 0 2 0 0 0 0 0 0 
1 1 0 0 0 0 0 0 0 0 0 0 0 0 0 
1 1 0 0 0 0 0 0 0 0 0 0 0 0 0 
0 0 0 0 0 0 0 0 0 0 0 0 0 0 0 
0 0 0 0 0 0 0 0 0 0 0 0 0 0 0 
0 0 0 0 0 0 0 0 0 0 0 0 0 0 0 
0 0 0 0 0 0 0 0 0 0 0 0 0 0 0 
0 0 255 2 255 255 255 0 0 0 0 0 0 0 0 
0 0 255 255 0 0 175 255 0 0 0 0 0 0 0 
0 0 255 0 0 0 52 255 0 0 0 0 0 0 0 
0 0 255 0 0 0 52 255 0 0 0 0 0 0 0 
0 0 255 0 0 0 52 255 0 0 0 0 0 0 0 
0 0 255 0 0 0 52 255 0 0 0 0 0 0 0 
0 0 42 0 1 0 0 12 0 0 0 0 2 0 0 
0 0 0 0 0 0 0 0 0 1 0 0 0 0 0 
0 0 0 0 0 0 0 0 2 0 0 0 0 0 0 
1 1 0 0 0 0 0 0 0 0 0 0 0 0 0 
1 1 0 0 0 0 0 0 0 0 0 0 0 0 0 
0 0 0 0 0 0 0 0 0 0 0 0 0 0 0 
0 0 0 0 0 0 0 0 0 0 0 0 0 0 0 
0 0 0 0 0 0 0 0 0 0 0 0 0 0 0 
0 0 0 0 0 81 110 0 0 0 0 0 0 0 0 
0 0 0 0 255 167 63 255 1 0 0 0 0 0 0 
0 0 0 252 157 0 0 0 111 0 0 0 0 0 0 
0 0 0 255 0 0 0 0 0 0 0 0 0 0 0 
0 0 0 255 2 0 0 0 0 0 0 0 0 0 0 
0 0 0 177 233 0 0 34 255 0 0 0 0 0 0 
0 0 0 0 255 252 243 255 0 0 0 0 0 0 0 
0 0 0 0 1 0 0 0 0 0 0 0 2 0 0 
0 0 0 0 0 0 0 0 0 1 0 0 0 0 0 
0 0 0 0 0 0 0 0 2 0 0 0 0 0 0 
1 1 0 0 0 0 0 0 0 0 0 0 0 0 0 
1 1 0 0 0 0 0 0 0 0 0 0 0 0 0 
0 0 0 0 0 0 0 0 0 0 0 0 0 0 0 
0 0 0 0 255 255 255 255 255 255 0 0 0 0 0 
0 0 0 5 255 0 0 0 0 0 0 0 0 0 0 
0 0 0 5 255 0 0 0 0 0 0 0 0 0 0 
0 0 0 5 255 0 0 0 0 0 0 0 0 0 0 
0 0 0 5 255 255 255 255 255 0 0 0 0 0 0 
0 0 0 5 255 0 0 0 0 0 0 0 0 0 0 
0 0 0 5 255 0 0 0 0 0 0 0 0 0 0 
0 0 0 5 255 0 0 0 0 0 0 0 0 0 0 
0 0 0 0 255 255 255 255 255 255 0 0 0 0 0 
0 0 0 0 1 0 0 0 0 0 0 0 2 0 0 
0 0 0 0 0 0 0 0 0 1 0 0 0 0 0 
0 0 0 0 0 0 0 0 2 0 0 0 0 0 0 
1 1 0 0 0 0 0 0 0 0 0 0 0 0 0 
1 1 0 0 0 0 0 0 0 0 0 0 0 0 0 
0 0 0 0 0 0 0 0 0 0 0 0 0 0 0 
0 0 0 255 6 0 0 0 0 255 0 0 0 0 0 
0 0 0 255 13 0 0 0 0 255 0 0 0 0 0 
0 0 0 255 13 0 0 0 0 255 0 0 0 0 0 
0 0 0 255 13 0 0 0 0 255 0 0 0 0 0 
0 0 0 255 255 255 255 255 255 255 0 0 0 0 0 
0 0 0 255 13 0 0 0 0 255 0 0 0 0 0 
0 0 0 255 13 0 0 0 0 255 0 0 0 0 0 
0 0 0 255 13 0 0 0 0 255 0 0 0 0 0 
0 0 0 255 13 0 0 0 0 255 0 0 0 0 0 
0 0 0 0 1 0 0 0 0 0 0 0 2 0 0 
0 0 0 0 0 0 0 0 0 1 0 0 0 0 0 
0 0 0 0 0 0 0 0 2 0 0 0 0 0 0 
1 1 0 0 0 0 0 0 0 0 0 0 0 0 0 
1 1 0 0 0 0 0 0 0 0 0 0 0 0 0 
0 0 0 0 0 0 0 0 0 0 0 0 0 0 0 
0 0 0 0 0 0 0 0 0 0 0 0 0 0 0 
0 0 0 0 210 255 252 0 228 0 0 0 0 0 0 
0 0 0 245 240 0 0 255 255 0 0 0 0 0 0 
0 0 0 255 0 0 0 1 255 0 0 0 0 0 0 
0 0 0 255 0 0 0 0 255 0 0 0 0 0 0 
0 0 0 255 0 0 0 12 255 0 0 0 0 0 0 
0 0 0 233 244 0 0 255 255 0 0 0 0 0 0 
0 0 0 0 177 255 245 0 255 0 0 0 0 0 0 
0 0 0 0 0 0 0 146 156 0 0 0 0 0 0 
0 0 0 233 255 165 215 255 0 0 0 0 2 0 0 
0 0 0 0 0 0 0 0 0 1 0 0 0 0 0 
0 0 0 0 0 0 0 0 2 0 0 0 0 0 0 
1 1 0 0 0 0 0 0 0 0 0 0 0 0 0 
1 1 0 0 0 0 0 0 0 0 0 0 0 0 0 
0 0 0 0 0 0 0 0 0 0 0 0 0 0 0 
0 0 0 255 0 0 0 0 0 0 0 0 0 0 0 
0 0 0 255 0 0 0 0 0 0 0 0 0 0 0 
0 0 0 0 0 0 0 0 0 0 0 0 0 0 0 
0 0 0 255 0 0 0 0 0 0 0 0 0 0 0 
0 0 0 255 0 0 0 0 0 0 0 0 0 0 0 
0 0 0 255 0 0 0 0 0 0 0 0 0 0 0 
0 0 0 255 0 0 0 0 0 0 0 0 0 0 0 
0 0 0 255 0 0 0 0 0 0 0 0 0 0 0 
0 0 0 255 0 0 0 0 0 0 0 0 0 0 0 
0 0 0 0 1 0 0 0 0 0 0 0 2 0 0 
0 0 0 0 0 0 0 0 0 1 0 0 0 0 0 
0 0 0 0 0 0 0 0 2 0 0 0 0 0 0 
1 1 0 0 0 0 0 0 0 0 0 0 0 0 0 
1 1 0 0 0 0 0 0 0 0 0 0 0 0 0 
0 0 255 255 255 255 255 255 255 0 0 0 0 0 0 
0 0 0 0 0 255 0 0 0 0 0 0 0 0 0 
0 0 0 0 0 255 0 0 0 0 0 0 0 0 0 
0 0 0 0 0 255 0 0 0 0 0 0 0 0 0 
0 0 0 0 0 255 0 0 0 0 0 0 0 0 0 
0 0 0 0 0 255 0 0 0 0 0 0 0 0 0 
0 0 0 0 0 255 0 0 0 0 0 0 0 0 0 
0 0 0 0 0 255 0 0 0 0 0 0 0 0 0 
0 0 0 0 0 255 0 0 0 0 0 0 0 0 0 
0 0 0 0 0 0 0 0 0 0 0 0 0 0 0 
0 0 0 0 1 0 0 0 0 0 0 0 2 0 0 
0 0 0 0 0 0 0 0 0 1 0 0 0 0 0 
0 0 0 0 0 0 0 0 2 0 0 0 0 0 0 
1 1 0 0 0 0 0 0 0 0 0 0 0 0 0 
1 1 0 0 0 0 0 0 0 0 0 0 0 0 0 
0 0 0 0 0 0 0 0 0 0 0 0 0 0 0 
0 0 0 0 0 0 0 0 0 0 0 0 0 0 0 
0 0 0 0 0 195 0 0 0 0 0 0 0 0 0 
0 0 148 153 255 156 0 0 0 0 0 0 0 0 0 
0 0 148 255 0 0 0 0 0 0 0 0 0 0 0 
0 0 148 190 0 0 0 0 0 0 0 0 0 0 0 
0 0 148 189 0 0 0 0 0 0 0 0 0 0 0 
0 0 148 189 0 0 0 0 0 0 0 0 0 0 0 
0 0 148 189 0 0 0 0 0 0 0 0 0 0 0 
0 0 0 0 0 0 0 0 0 0 0 0 0 0 0 
0 0 0 0 1 0 0 0 0 0 0 0 2 0 0 
0 0 0 0 0 0 0 0 0 1 0 0 0 0 0 
0 0 0 0 0 0 0 0 2 0 0 0 0 0 0 
1 1 0 0 0 0 0 0 0 0 0 0 0 0 0 
1 1 0 0 0 0 0 0 0 0 0 0 0 0 0 
0 0 0 0 0 0 0 0 0 0 0 0 0 0 0 
0 0 0 255 0 0 0 0 0 0 0 0 0 0 0 
0 0 0 255 0 0 0 0 0 0 0 0 0 0 0 
0 0 0 255 0 0 0 0 0 0 0 0 0 0 0 
0 0 0 255 0 0 226 255 0 0 0 0 0 0 0 
0 0 0 255 0 234 255 0 0 0 0 0 0 0 0 
0 0 0 255 229 252 0 0 0 0 0 0 0 0 0 
0 0 0 255 209 255 0 0 0 0 0 0 0 0 0 
0 0 0 255 0 0 255 0 0 0 0 0 0 0 0 
0 0 0 255 0 0 205 255 0 0 0 0 0 0 0 
0 0 0 80 1 0 0 78 0 0 0 0 2 0 0 
0 0 0 0 0 0 0 0 0 1 0 0 0 0 0 
0 0 0 0 0 0 0 0 2 0 0 0 0 0 0 
1 1 0 0 0 0 0 0 0 0 0 0 0 0 0 
1 1 0 0 0 0 0 0 0 0 0 0 0 0 0 
0 0 0 0 0 0 0 0 0 0 0 0 0 0 0 
0 0 0 255 255 255 4 255 0 0 0 0 0 0 0 
0 0 240 232 0 0 255 255 0 0 0 0 0 0 0 
0 0 255 0 0 0 0 255 0 0 0 0 0 0 0 
0 0 255 0 0 0 0 255 0 0 0 0 0 0 0 
0 0 255 0 0 0 1 255 0 0 0 0 0 0 0 
0 0 106 254 0 0 255 255 0 0 0 0 0 0 0 
0 0 0 119 255 255 0 255 0 0 0 0 0 0 0 
0 0 0 0 0 0 0 255 0 0 0 0 0 0 0 
0 0 0 0 0 0 0 255 0 0 0 0 0 0 0 
0 0 0 0 1 0 0 0 0 0 0 0 2 0 0 
0 0 0 0 0 0 0 0 0 1 0 0 0 0 0 
0 0 0 0 0 0 0 0 2 0 0 0 0 0 0 
1 1 0 0 0 0 0 0 0 0 0 0 0 0 0 
1 1 0 0 0 0 0 0 0 0 0 0 0 0 0 
0 0 255 0 0 0 0 0 255 96 0 0 0 0 0 
0 0 255 50 0 0 0 0 255 0 0 0 0 0 0 
0 0 37 255 0 0 0 42 255 0 0 0 0 0 0 
0 0 0 255 0 0 0 255 22 0 0 0 0 0 0 
0 0 0 255 125 0 0 255 0 0 0 0 0 0 0 
0 0 0 0 255 0 116 255 0 0 0 0 0 0 0 
0 0 0 0 255 0 255 0 0 0 0 0 0 0 0 
0 0 0 0 170 144 255 0 0 0 0 0 0 0 0 
0 0 0 0 0 255 138 0 0 0 0 0 0 0 0 
0 0 0 0 0 0 0 0 0 0 0 0 0 0 0 
0 0 0 0 1 0 0 0 0 0 0 0 2 0 0 
0 0 0 0 0 0 0 0 0 1 0 0 0 0 0 
0 0 0 0 0 0 0 0 2 0 0 0 0 0 0 
1 1 0 0 0 0 0 0 0 0 0 0 0 0 0 
1 1 0 0 0 0 0 0 0 0 0 0 0 0 0 
0 0 0 0 0 0 0 0 0 0 0 0 0 0 0 
0 0 0 255 0 0 0 0 0 0 0 0 0 0 0 
0 0 0 255 0 0 0 0 0 0 0 0 0 0 0 
0 0 142 255 142 137 0 0 0 0 0 0 0 0 0 
0 0 0 255 0 0 0 0 0 0 0 0 0 0 0 
0 0 0 255 0 0 0 0 0 0 0 0 0 0 0 
0 0 0 255 0 0 0 0 0 0 0 0 0 0 0 
0 0 0 255 0 0 0 0 0 0 0 0 0 0 0 
0 0 0 255 255 255 0 0 0 0 0 0 0 0 0 
0 0 0 0 0 0 0 0 0 0 0 0 0 0 0 
0 0 0 0 1 0 0 0 0 0 0 0 2 0 0 
0 0 0 0 0 0 0 0 0 1 0 0 0 0 0 
0 0 0 0 0 0 0 0 2 0 0 0 0 0 0 
1 1 0 0 0 0 0 0 0 0 0 0 0 0 0 
1 1 0 0 0 0 0 0 0 0 0 0 0 0 0 
0 0 0 0 0 0 0 0 0 0 0 0 0 0 0 
0 0 0 255 0 0 0 0 0 0 0 0 0 0 0 
0 0 0 255 0 0 0 0 0 0 0 0 0 0 0 
0 0 0 255 0 0 0 0 0 0 0 0 0 0 0 
0 0 0 255 0 0 0 0 0 0 0 0 0 0 0 
0 0 0 255 0 0 0 0 0 0 0 0 0 0 0 
0 0 0 255 0 0 0 0 0 0 0 0 0 0 0 
0 0 0 255 0 0 0 0 0 0 0 0 0 0 0 
0 0 0 255 0 0 0 0 0 0 0 0 0 0 0 
0 0 0 255 241 238 238 238 238 0 0 0 0 0 0 
0 0 0 1 86 85 85 85 85 0 0 0 2 0 0 
0 0 0 0 0 0 0 0 0 1 0 0 0 0 0 
0 0 0 0 0 0 0 0 2 0 0 0 0 0 0 
1 1 0 0 0 0 0 0 0 0 0 0 0 0 0 
1 1 0 0 0 0 0 0 0 0 0 0 0 0 0 
0 0 0 0 0 0 0 0 0 0 0 0 0 0 0 
0 0 0 255 2 0 0 0 0 0 0 0 0 0 0 
0 0 0 255 9 0 0 0 0 0 0 0 0 0 0 
0 0 0 255 9 0 0 0 0 0 0 0 0 0 0 
0 0 0 255 9 0 0 0 0 0 0 0 0 0 0 
0 0 0 255 9 0 0 0 0 0 0 0 0 0 0 
0 0 0 255 9 0 0 0 0 0 0 0 0 0 0 
0 0 0 255 9 0 0 0 0 0 0 0 0 0 0 
0 0 0 255 9 0 0 0 0 0 0 0 0 0 0 
0 0 0 255 9 0 0 0 0 0 0 0 0 0 0 
0 0 0 0 1 0 0 0 0 0 0 0 2 0 0 
0 0 0 0 0 0 0 0 0 1 0 0 0 0 0 
0 0 0 0 0 0 0 0 2 0 0 0 0 0 0 
1 1 0 0 0 0 0 0 0 0 0 0 0 0 0 
1 1 0 0 0 0 0 0 0 0 0 0 0 0 0 
0 0 0 0 0 0 0 0 0 0 0 0 0 0 0 
0 0 0 0 2 255 255 0 0 0 0 0 0 0 0 
0 0 0 0 255 19 0 0 0 0 0 0 0 0 0 
0 0 0 0 255 0 0 0 0 0 0 0 0 0 0 
0 0 0 198 255 198 198 0 0 0 0 0 0 0 0 
0 0 0 0 255 0 0 0 0 0 0 0 0 0 0 
0 0 0 0 255 0 0 0 0 0 0 0 0 0 0 
0 0 0 0 255 0 0 0 0 0 0 0 0 0 0 
0 0 0 0 255 0 0 0 0 0 0 0 0 0 0 
0 0 0 0 255 0 0 0 0 0 0 0 0 0 0 
0 0 0 0 1 0 0 0 0 0 0 0 2 0 0 
0 0 0 0 0 0 0 0 0 1 0 0 0 0 0 
0 0 0 0 0 0 0 0 2 0 0 0 0 0 0 
1 1 0 0 0 0 0 0 0 0 0 0 0 0 0 
1 1 0 0 0 0 0 0 0 0 0 0 0 0 0 
0 0 0 0 0 0 0 0 0 0 0 0 0 0 0 
0 0 0 0 0 0 255 0 0 0 0 0 0 0 0 
0 0 0 0 0 0 255 0 0 0 0 0 0 0 0 
0 0 0 0 0 0 255 0 0 0 0 0 0 0 0 
0 0 0 0 0 0 255 0 0 0 0 0 0 0 0 
0 0 0 0 0 0 255 0 0 0 0 0 0 0 0 
0 0 0 0 0 0 255 0 0 0 0 0 0 0 0 
0 0 0 0 0 0 255 0 0 0 0 0 0 0 0 
0 0 246 9 0 0 255 0 0 0 0 0 0 0 0 
0 0 44 255 216 253 255 0 0 0 0 0 0 0 0 
0 0 0 0 76 36 0 0 0 0 0 0 2 0 0 
0 0 0 0 0 0 0 0 0 1 0 0 0 0 0 
0 0 0 0 0 0 0 0 2 0 0 0 0 0 0 
1 1 0 0 0 0 0 0 0 0 0 0 0 0 0 
1 1 0 0 0 0 0 0 0 0 0 0 0 0 0 
0 0 0 0 0 0 0 0 0 0 0 0 0 0 0 
0 0 0 255 0 0 0 0 249 0 0 0 0 0 0 
0 0 0 255 0 0 0 242 255 0 0 0 0 0 0 
0 0 0 255 0 0 211 255 0 0 0 0 0 0 0 
0 0 0 255 0 183 255 0 0 0 0 0 0 0 0 
0 0 0 255 172 255 91 0 0 0 0 0 0 0 0 
0 0 0 255 255 0 255 0 0 0 0 0 0 0 0 
0 0 0 255 0 0 25 255 0 0 0 0 0 0 0 
0 0 0 255 0 0 0 238 255 0 0 0 0 0 0 
0 0 0 255 0 0 0 0 255 84 0 0 0 0 0 
0 0 0 74 1 0 0 0 0 101 0 0 2 0 0 
0 0 0 0 0 0 0 0 0 1 0 0 0 0 0 
0 0 0 0 0 0 0 0 2 0 0 0 0 0 0 
1 1 0 0 0 0 0 0 0 0 0 0 0 0 0 
1 1 0 0 0 0 0 0 0 0 0 0 0 0 0 
0 0 0 0 0 0 0 0 0 0 0 0 0 0 0 
0 0 0 0 255 255 255 255 57 0 0 0 0 0 0 
0 0 0 255 21 0 0 0 255 31 0 0 0 0 0 
0 0 226 245 0 0 0 0 5 255 0 0 0 0 0 
0 0 255 0 0 0 0 0 0 255 0 0 0 0 0 
0 0 255 0 0 0 0 0 0 255 0 0 0 0 0 
0 0 255 0 0 0 0 0 0 255 0 0 0 0 0 
0 0 220 245 0 0 15 31 10 255 0 0 0 0 0 
0 0 0 255 28 0 0 255 255 13 0 0 0 0 0 
0 0 0 0 255 255 255 255 255 19 0 0 0 0 0 
0 0 0 0 1 0 0 0 0 225 0 0 2 0 0 
0 0 0 0 0 0 0 0 0 1 0 0 0 0 0 
0 0 0 0 0 0 0 0 2 0 0 0 0 0 0 
1 1 0 0 0 0 0 0 0 0 0 0 0 0 0 
1 1 0 0 0 0 0 0 0 0 0 0 0 0 0 
0 0 0 0 0 0 0 0 0 0 0 0 0 0 0 
0 0 15 255 0 0 0 0 0 0 255 7 0 0 0 
0 0 135 187 29 0 0 0 0 50 223 147 0 0 0 
0 0 135 49 255 0 0 0 0 255 48 147 0 0 0 
0 0 135 127 255 0 0 0 0 255 111 147 0 0 0 
0 0 135 190 158 197 0 0 212 136 166 147 0 0 0 
0 0 135 219 0 255 0 0 255 0 191 147 0 0 0 
0 0 135 227 0 255 7 0 255 0 197 147 0 0 0 
0 0 135 227 0 0 255 255 2 0 197 147 0 0 0 
0 0 135 227 0 0 255 255 0 0 197 147 0 0 0 
0 0 3 1 1 0 10 3 0 0 5 1 2 0 0 
0 0 0 0 0 0 0 0 0 1 0 0 0 0 0 
0 0 0 0 0 0 0 0 2 0 0 0 0 0 0 
1 1 0 0 0 0 0 0 0 0 0 0 0 0 0 
1 1 0 0 0 0 0 0 0 0 0 0 0 0 0 
0 0 0 0 0 0 0 0 0 0 0 0 0 0 0 
0 0 0 255 0 0 0 0 0 0 0 0 0 0 0 
0 0 0 255 0 0 0 0 0 0 0 0 0 0 0 
0 0 0 255 0 0 0 0 0 0 0 0 0 0 0 
0 0 0 255 224 250 243 255 0 0 0 0 0 0 0 
0 0 0 255 69 0 0 255 19 0 0 0 0 0 0 
0 0 0 255 0 0 0 255 33 0 0 0 0 0 0 
0 0 0 255 0 0 0 255 33 0 0 0 0 0 0 
0 0 0 255 0 0 0 255 33 0 0 0 0 0 0 
0 0 0 255 0 0 0 255 33 0 0 0 0 0 0 
0 0 0 0 1 0 0 0 0 0 0 0 2 0 0 
0 0 0 0 0 0 0 0 0 1 0 0 0 0 0 
0 0 0 0 0 0 0 0 2 0 0 0 0 0 0 
1 1 0 0 0 0 0 0 0 0 0 0 0 0 0 
1 1 0 0 0 0 0 0 0 0 0 0 0 0 0 
0 0 0 0 0 0 0 0 0 0 0 0 0 0 0 
0 0 0 0 0 0 0 0 0 0 0 0 0 0 0 
0 0 0 0 0 0 0 0 0 0 0 0 0 0 0 
0 0 255 0 0 0 255 11 0 0 0 0 0 0 0 
0 0 254 63 0 0 255 0 0 0 0 0 0 0 0 
0 0 0 255 0 105 225 0 0 0 0 0 0 0 0 
0 0 0 255 0 255 0 0 0 0 0 0 0 0 0 
0 0 0 99 122 255 0 0 0 0 0 0 0 0 0 
0 0 0 0 255 70 0 0 0 0 0 0 0 0 0 
0 0 0 0 0 0 0 0 0 0 0 0 0 0 0 
0 0 0 0 1 0 0 0 0 0 0 0 2 0 0 
0 0 0 0 0 0 0 0 0 1 0 0 0 0 0 
0 0 0 0 0 0 0 0 2 0 0 0 0 0 0 
1 1 0 0 0 0 0 0 0 0 0 0 0 0 0 
1 1 0 0 0 0 0 0 0 0 0 0 0 0 0 
0 0 0 0 0 0 0 0 0 0 0 0 0 0 0 
0 0 0 0 0 0 0 0 0 0 0 0 0 0 0 
0 0 0 0 0 0 187 0 0 0 0 0 0 0 0 
0 0 255 121 0 105 255 0 0 0 0 0 0 0 0 
0 0 0 255 0 255 0 0 0 0 0 0 0 0 0 
0 0 0 1 255 4 0 0 0 0 0 0 0 0 0 
0 0 0 254 144 255 0 0 0 0 0 0 0 0 0 
0 0 63 255 0 254 127 0 0 0 0 0 0 0 0 
0 0 255 0 0 0 255 0 0 0 0 0 0 0 0 
0 0 0 0 0 0 0 0 0 0 0 0 0 0 0 
0 0 0 0 1 0 0 0 0 0 0 0 2 0 0 
0 0 0 0 0 0 0 0 0 1 0 0 0 0 0 
0 0 0 0 0 0 0 0 2 0 0 0 0 0 0 
1 1 0 0 0 0 0 0 0 0 0 0 0 0 0 
1 1 0 0 0 0 0 0 0 0 0 0 0 0 0 
0 0 0 76 0 0 0 0 24 0 0 0 0 0 0 
0 0 0 255 2 0 0 235 196 0 0 0 0 0 0 
0 0 0 50 255 0 0 255 0 0 0 0 0 0 0 
0 0 0 0 255 0 9 255 0 0 0 0 0 0 0 
0 0 0 0 231 78 255 0 0 0 0 0 0 0 0 
0 0 0 0 0 255 255 0 0 0 0 0 0 0 0 
0 0 0 0 0 255 182 0 0 0 0 0 0 0 0 
0 0 0 0 0 255 0 0 0 0 0 0 0 0 0 
0 0 0 139 163 251 0 0 0 0 0 0 0 0 0 
0 0 0 186 142 0 0 0 0 0 0 0 0 0 0 
0 0 0 0 1 0 0 0 0 0 0 0 2 0 0 
0 0 0 0 0 0 0 0 0 1 0 0 0 0 0 
0 0 0 0 0 0 0 0 2 0 0 0 0 0 0 
1 1 0 0 0 0 0 0 0 0 0 0 0 0 0 
1 1 0 0 0 0 0 0 0 0 0 0 0 0 0 
0 0 174 226 0 0 0 0 222 131 0 0 0 0 0 
0 0 175 227 0 0 0 0 222 132 0 0 0 0 0 
0 0 175 227 0 0 0 0 222 132 0 0 0 0 0 
0 0 175 227 0 0 0 0 222 131 0 0 0 0 0 
0 0 175 227 0 0 0 0 222 132 0 0 0 0 0 
0 0 175 227 0 0 0 0 222 132 0 0 0 0 0 
0 0 112 246 0 0 0 0 253 81 0 0 0 0 0 
0 0 0 255 0 0 0 0 255 0 0 0 0 0 0 
0 0 0 152 255 255 255 255 94 0 0 0 0 0 0 
0 0 0 0 0 0 0 0 0 0 0 0 0 0 0 
0 0 0 0 1 0 0 0 0 0 0 0 2 0 0 
0 0 0 0 0 0 0 0 0 1 0 0 0 0 0 
0 0 0 0 0 0 0 0 2 0 0 0 0 0 0 
1 1 0 0 0 0 0 0 0 0 0 0 0 0 0 
1 1 0 0 0 0 0 0 0 0 0 0 0 0 0 
0 0 0 0 0 0 0 0 0 0 0 0 0 0 0 
0 0 0 0 0 251 255 255 255 30 0 0 0 0 0 
0 0 0 0 255 228 0 0 0 255 19 0 0 0 0 
0 0 0 9 255 0 0 0 0 3 5 0 0 0 0 
0 0 0 255 174 0 0 0 0 0 0 0 0 0 0 
0 0 0 255 48 0 0 0 255 255 2 0 0 0 0 
0 0 0 255 140 0 0 0 49 54 255 0 0 0 0 
0 0 0 32 255 0 0 0 0 0 255 0 0 0 0 
0 0 0 0 255 53 0 0 0 255 255 0 0 0 0 
0 0 0 0 0 255 255 252 255 133 255 0 0 0 0 
0 0 0 0 1 0 0 0 0 0 0 0 2 0 0 
0 0 0 0 0 0 0 0 0 1 0 0 0 0 0 
0 0 0 0 0 0 0 0 2 0 0 0 0 0 0 
1 1 0 0 0 0 0 0 0 0 0 0 0 0 0 
1 1 0 0 0 0 0 0 0 0 0 0 0 0 0 
0 0 0 0 0 0 0 0 0 0 0 0 0 0 0 
0 0 0 0 255 255 255 255 255 255 0 0 0 0 0 
0 0 0 5 255 0 0 0 0 0 0 0 0 0 0 
0 0 0 5 255 0 0 0 0 0 0 0 0 0 0 
0 0 0 5 255 0 0 0 0 0 0 0 0 0 0 
0 0 0 5 255 255 255 255 255 0 0 0 0 0 0 
0 0 0 5 255 0 0 0 0 0 0 0 0 0 0 
0 0 0 5 255 0 0 0 0 0 0 0 0 0 0 
0 0 0 5 255 0 0 0 0 0 0 0 0 0 0 
0 0 0 5 255 0 0 0 0 0 0 0 0 0 0 
0 0 0 0 1 0 0 0 0 0 0 0 2 0 0 
0 0 0 0 0 0 0 0 0 1 0 0 0 0 0 
0 0 0 0 0 0 0 0 2 0 0 0 0 0 0 
1 1 0 0 0 0 0 0 0 0 0 0 0 0 0 
1 1 0 0 0 0 0 0 0 0 0 0 0 0 0 
0 0 0 0 0 0 0 0 0 0 0 0 0 0 0 
0 0 0 128 146 0 0 0 0 0 0 0 0 0 0 
0 0 0 128 146 0 0 0 0 0 0 0 0 0 0 
0 0 0 128 146 0 127 12 0 0 0 0 0 0 0 
0 0 0 128 103 245 26 255 255 0 0 0 0 0 0 
0 0 0 128 255 0 0 0 255 0 0 0 0 0 0 
0 0 0 128 149 0 0 0 255 1 0 0 0 0 0 
0 0 0 128 185 0 0 0 255 0 0 0 0 0 0 
0 0 0 128 255 0 0 0 255 0 0 0 0 0 0 
0 0 0 128 140 255 241 255 130 0 0 0 0 0 0 
0 0 0 0 1 0 0 0 0 0 0 0 2 0 0 
0 0 0 0 0 0 0 0 0 1 0 0 0 0 0 
0 0 0 0 0 0 0 0 2 0 0 0 0 0 0 
1 1 0 0 0 0 0 0 0 0 0 0 0 0 0 
1 1 0 0 0 0 0 0 0 0 0 0 0 0 0 
0 0 0 0 0 0 0 0 0 0 0 0 0 0 0 
0 0 255 1 255 255 255 1 0 0 0 0 0 0 0 
0 0 255 255 0 0 5 255 0 0 0 0 0 0 0 
0 0 255 0 0 0 0 255 0 0 0 0 0 0 0 
0 0 255 0 0 0 0 255 0 0 0 0 0 0 0 
0 0 255 217 0 0 0 255 0 0 0 0 0 0 0 
0 0 255 247 67 0 255 218 0 0 0 0 0 0 0 
0 0 255 0 124 247 65 0 0 0 0 0 0 0 0 
0 0 255 0 0 0 0 0 0 0 0 0 0 0 0 
0 0 255 0 0 0 0 0 0 0 0 0 0 0 0 
0 0 0 0 1 0 0 0 0 0 0 0 2 0 0 
0 0 0 0 0 0 0 0 0 1 0 0 0 0 0 
0 0 0 0 0 0 0 0 2 0 0 0 0 0 0 
1 1 0 0 0 0 0 0 0 0 0 0 0 0 0 
1 1 0 0 0 0 0 0 0 0 0 0 0 0 0 
0 0 0 0 0 0 0 0 0 0 0 0 0 0 0 
0 0 0 0 0 247 255 255 255 33 0 0 0 0 0 
0 0 0 0 255 248 0 0 0 255 6 0 0 0 0 
0 0 0 6 255 0 0 0 0 53 231 0 0 0 0 
0 0 0 255 206 0 0 0 0 0 0 0 0 0 0 
0 0 0 255 50 0 0 0 0 0 0 0 0 0 0 
0 0 0 255 125 0 0 0 0 0 0 0 0 0 0 
0 0 0 48 255 0 0 0 0 0 255 0 0 0 0 
0 0 0 0 255 60 0 0 0 255 169 0 0 0 0 
0 0 0 0 0 255 255 254 255 255 0 0 0 0 0 
0 0 0 0 1 0 0 0 0 0 0 0 2 0 0 
0 0 0 0 0 0 0 0 0 1 0 0 0 0 0 
0 0 0 0 0 0 0 0 2 0 0 0 0 0 0 
